
xcuni@cunicularius-Q550LF:~/Projects/Research/lsup$ python
Python 3.6.0 |Anaconda 4.3.1 (64-bit)| (default, Dec 23 2016, 12:22:00) 
[GCC 4.4.7 20120313 (Red Hat 4.4.7-1)] on linux
Type "help", "copyright", "credits" or "license" for more information.
>>> from clip import *
>>> PND.clipAcute()
clipTrpl([[0.477587, -0.640527], [0.472987, -0.64454], [0.472413, -0.638807]], 0.005761663388293334, 0.5) = 
	[[0.477587, -0.640527], [0.475157850908605, -0.6426461685442973], [0.4727, -0.6416735], [0.472413, -0.638807]]

clipTrpl([[0.5, -0.62846], [0.4954, -0.633633], [0.49828, -0.627887]], 0.001812933810154152, 0.5) = 
	[[0.5, -0.62846], [0.49600235386514857, -0.6329556137946927], [0.495806173914097, -0.6328226266283329], [0.49828, -0.627887]]

clipTrpl([[0.885053, -0.67846], [0.890227, -0.6819], [0.886787, -0.6865]], 0.006187556706810802, 0.5) = 
	[[0.885053, -0.67846], [0.887650677865014, -0.6801870993149687], [0.8883741818917804, -0.6843776056098284], [0.886787, -0.6865]]

clipTrpl([[0.8862, -0.64282], [0.888507, -0.637073], [0.891373, -0.643393]], 0.005752400890063222, 0.5) = 
	[[0.8862, -0.64282], [0.8874355236275906, -0.6397421697929072], [0.8896948689409179, -0.6396924458152828], [0.891373, -0.643393]]

clipTrpl([[0.82184, -0.458913], [0.842533, -0.458913], [0.8408, -0.465233]], 0.006113651036819157, 0.5) = 
	[[0.82184, -0.458913], [0.8394761744815904, -0.458913], [0.8417246314187057, -0.461861003135476], [0.8408, -0.465233]]

clipTrpl([[0.621267, -0.3365], [0.62644, -0.333047], [0.62816, -0.33938]], 0.0061923860506270766, 0.5) = 
	[[0.621267, -0.3365], [0.623864807743011, -0.33476595203235704], [0.6272515079744971, -0.33603495348982], [0.62816, -0.33938]]

clipTrpl([[0.498853, -0.313513], [0.498853, -0.307193], [0.5046, -0.31006]], 0.006555044240888052, 0.5) = 
	[[0.498853, -0.313513], [0.498853, -0.310470522120444], [0.5017858305442616, -0.3086560981678089], [0.5046, -0.31006]]

clipTrpl([[0.44368, -0.370407], [0.450573, -0.37098], [0.45, -0.376727]], 0.006219576995262674, 0.5) = 
	[[0.44368, -0.370407], [0.4474739008163677, -0.3707223786693426], [0.45026447078662424, -0.37407444570553333], [0.45, -0.376727]]

clipTrpl([[0.43276, -0.472127], [0.425293, -0.468113], [0.430453, -0.465233]], 0.005860147182451988, 0.5) = 
	[[0.43276, -0.472127], [0.4278738100354723, -0.4695003538880924], [0.4278515335265931, -0.4666849812874829], [0.430453, -0.465233]]

>>> PND.exportOFF("cliptest1000.off")
>>> PND.exportPND("lsup_acuteclipped")
0
>>> 
